0.281697
0.349626
0.4044
0.439424
0.473746
0.494468
0.506368
0.515068
0.522364
0.531544
0.542105
0.547776
0.550921
0.554748
0.557872
0.561703
0.56507
0.567444
0.569077
0.570973
0.57332
0.575245
0.576878
0.578274
0.579752
0.581976
0.585573
0.589287
0.590837
0.590795
0.590287
0.590098
0.589973
0.589583
0.587363
0.585505
0.58298
0.581396
0.580785
0.581705
0.581889
0.58061
0.578613
0.577359
0.573783
0.567497
0.56398
0.55859
0.551119
0.542969
0.535105
0.52995
0.522745
0.510396
0.487859
0.471557
0.471162
0.470806
0.471651
0.471567
0.471047
0.470078
0.469573
0.469545
0.469583
0.469607
0.469657
0.469825
0.469754
0.469682
0.469701
0.46971
0.470486
0.470577
0.470732
0.470818
0.47072
0.471203
0.471655
0.471561
0.470807
0.469913
0.469458
0.469287
0.468714
0.468733
0.468816
0.468845
0.468881
0.468914
0.46884
0.468851
0.468895
0.468619
0.4687
0.468785
0.469453
0.469542
0.469671
0.469864
