0.353802
0.457776
0.485522
0.502898
0.512861
0.518913
0.522152
0.523299
0.522301
0.519381
0.49585
0.462554
0.455584
0.456795
0.4577
0.459851
0.461294
0.461619
0.462414
0.463449
0.465856
0.466509
0.468134
0.468894
0.470307
0.473948
0.477567
0.507394
0.531247
0.537895
0.540313
0.54423
0.540998
0.529465
0.514249
0.500203
0.493181
0.496703
0.510657
0.536645
0.543683
0.543549
0.54645
0.546957
0.541881
0.538731
0.532128
0.492002
0.473885
0.473547
0.472904
0.473082
0.47312
0.473349
0.473487
0.473521
0.473522
0.473559
0.47476
0.474803
0.47433
0.473446
0.473013
0.472987
0.473024
0.47308
0.473169
0.473334
0.473303
0.473245
0.473258
0.473275
0.474045
0.474146
0.474306
0.474387
0.474284
0.474641
0.475169
0.47515
0.474487
0.473655
0.473259
0.473137
0.473174
0.473171
0.473488
0.473569
0.473639
0.473699
0.473684
0.473727
0.47379
0.473876
0.47401
0.474129
0.474935
0.475027
0.475155
0.475364
