0.300085
0.287034
0.328835
0.357284
0.374844
0.387797
0.397839
0.405976
0.412853
0.417366
0.421541
0.426471
0.429134
0.431854
0.434609
0.437609
0.440572
0.441196
0.442769
0.444812
0.448497
0.46548
0.497354
0.518374
0.532567
0.544168
0.552478
0.559974
0.562455
0.564908
0.565922
0.566887
0.569117
0.570156
0.568614
0.567888
0.566171
0.565693
0.567099
0.571062
0.573483
0.575312
0.576078
0.57874
0.578899
0.577453
0.580779
0.580845
0.577465
0.577664
0.578146
0.579134
0.579884
0.581218
0.582498
0.582898
0.583204
0.582732
0.582966
0.582543
0.581868
0.580036
0.576643
0.574394
0.573069
0.5719
0.570556
0.570157
0.569415
0.567939
0.565645
0.56458
0.562685
0.561717
0.561522
0.560666
0.559494
0.555899
0.551624
0.541198
0.474667
0.459829
0.457062
0.456807
0.456693
0.456793
0.456862
0.457349
0.456572
0.456588
0.456481
0.456191
0.456243
0.456351
0.455694
0.455737
0.45616
0.456094
0.455237
0.455811
