0.274459
0.290951
0.324909
0.358544
0.375523
0.387959
0.403096
0.428615
0.465582
0.484317
0.49827
0.509507
0.517319
0.523382
0.529744
0.536867
0.543496
0.546739
0.549554
0.552347
0.560511
0.5654
0.568325
0.572223
0.575517
0.580534
0.586275
0.591486
0.593747
0.594406
0.594661
0.594648
0.594357
0.594069
0.592206
0.590181
0.587546
0.586567
0.586615
0.58821
0.588467
0.588581
0.58802
0.588914
0.58721
0.584381
0.585281
0.584189
0.578946
0.577852
0.572429
0.568898
0.566271
0.562411
0.559545
0.549718
0.531663
0.512932
0.482665
0.47074
0.469887
0.468316
0.467406
0.467355
0.467374
0.467405
0.467443
0.467561
0.467456
0.467934
0.467941
0.467952
0.468418
0.468524
0.468646
0.468676
0.468504
0.468741
0.469147
0.468973
0.468136
0.467179
0.466696
0.465746
0.465762
0.465821
0.465888
0.46671
0.466803
0.466887
0.466868
0.466887
0.466915
0.466967
0.467025
0.467084
0.467349
0.467378
0.467456
0.467595
