0.287565
0.281659
0.317742
0.35862
0.378348
0.386714
0.399982
0.411276
0.419482
0.427296
0.432198
0.436777
0.440001
0.451031
0.479181
0.50175
0.518368
0.526404
0.533294
0.537959
0.543561
0.54796
0.5518
0.555281
0.559232
0.565057
0.573743
0.579991
0.583425
0.58481
0.588336
0.589757
0.590329
0.591075
0.589908
0.589039
0.587612
0.587682
0.588855
0.591659
0.592387
0.592397
0.592322
0.593277
0.592066
0.589559
0.590079
0.589249
0.584926
0.584409
0.580481
0.579421
0.579263
0.578952
0.579421
0.57874
0.577908
0.576106
0.574765
0.572206
0.567913
0.558938
0.536708
0.506582
0.469544
0.465538
0.465505
0.465579
0.46543
0.465748
0.465716
0.465699
0.465745
0.464898
0.46499
0.465037
0.464925
0.465376
0.465829
0.465697
0.464901
0.463967
0.463503
0.463345
0.463392
0.463499
0.463597
0.464268
0.464371
0.464456
0.464427
0.464485
0.462969
0.462991
0.463063
0.463146
0.463234
0.463331
0.463536
0.46384
