0.666471
0.565025
0.553829
0.546666
0.548438
0.559468
0.576768
0.603967
0.636717
0.677873
0.704451
0.722486
0.739199
0.740553
0.736729
0.729755
0.720581
0.708979
0.705909
0.715275
0.728149
0.746909
0.772878
0.800345
0.830087
0.864649
0.897621
0.925628
0.933915
0.937535
0.938955
0.938664
0.937334
0.928809
0.923106
0.917119
0.913111
0.910442
0.912852
0.916817
0.918159
0.915952
0.914407
0.906389
0.897303
0.896045
0.889813
0.881664
0.877644
0.872212
0.871637
0.873829
0.873532
0.872949
0.870827
0.868633
0.865834
0.863281
0.860204
0.857118
0.851836
0.845272
0.844043
0.844532
0.839679
0.803791
0.745556
0.705656
0.668458
0.643318
0.627557
0.611897
0.602394
0.591306
0.578141
0.565172
0.547371
0.535501
0.524752
0.509268
0.489593
0.477122
0.47206
0.468857
0.466918
0.466415
0.466757
0.4672
0.467218
0.467101
0.466252
0.466569
0.46744
0.469486
0.472689
0.475579
0.478002
0.480069
0.480677
0.481404
