0.869318
0.828415
0.826347
0.84492
0.843239
0.831709
0.819747
0.801743
0.786795
0.777063
0.758745
0.735458
0.715406
0.696746
0.682971
0.6786
0.667431
0.642099
0.623114
0.634129
0.658011
0.681523
0.709795
0.736164
0.776961
0.828491
0.875402
0.91275
0.931616
0.937799
0.940769
0.941111
0.935756
0.884232
0.799547
0.714401
0.716392
0.79935
0.908611
0.922222
0.925162
0.922896
0.921006
0.91211
0.902274
0.901991
0.894586
0.883378
0.880915
0.873628
0.876216
0.878763
0.878266
0.875193
0.865948
0.85318
0.839006
0.824469
0.806546
0.788957
0.769829
0.752108
0.751207
0.758507
0.767988
0.777794
0.789828
0.799492
0.803573
0.805078
0.80953
0.812847
0.819373
0.824072
0.824003
0.819729
0.812172
0.807523
0.80017
0.782715
0.755947
0.738947
0.732944
0.731019
0.73136
0.734293
0.737176
0.74071
0.743778
0.747918
0.754071
0.759092
0.770261
0.775949
0.78449
0.793287
0.808101
0.829533
0.814938
0.865677
