0.929521
0.962906
0.962595
0.959211
0.962159
0.960077
0.966768
0.958805
0.958218
0.965211
0.958393
0.94792
0.919796
0.871153
0.827632
0.778733
0.735103
0.68579
0.667973
0.688128
0.70879
0.722975
0.746697
0.76921
0.816434
0.905083
0.981736
0.989918
0.994485
0.995875
0.997707
0.997466
0.996994
0.995351
0.992626
0.990803
0.992315
0.99418
0.995204
0.996729
0.997527
0.997551
0.997185
0.993228
0.987853
0.991138
0.988199
0.978643
0.97936
0.924813
0.921438
0.903137
0.846175
0.788699
0.713899
0.662235
0.615155
0.580839
0.554549
0.538565
0.522178
0.507141
0.503678
0.505456
0.509901
0.514872
0.52172
0.527971
0.532138
0.53528
0.540109
0.542603
0.549176
0.553867
0.553458
0.551361
0.54195
0.536723
0.530747
0.518455
0.500983
0.490988
0.487759
0.486507
0.486084
0.486903
0.487869
0.489348
0.490391
0.492075
0.492197
0.494518
0.499218
0.505126
0.513259
0.521209
0.528533
0.535141
0.543789
0.552788
