0.262512
0.261114
0.284523
0.308351
0.32483
0.343482
0.354376
0.370149
0.381161
0.388084
0.393847
0.399027
0.402397
0.40636
0.412583
0.417865
0.422431
0.424728
0.426633
0.429694
0.433345
0.436446
0.438559
0.439499
0.442031
0.447124
0.452642
0.459608
0.463503
0.487241
0.52778
0.539757
0.545147
0.546487
0.546441
0.546618
0.545531
0.546318
0.548143
0.552823
0.555352
0.557807
0.558472
0.560785
0.560219
0.558397
0.560103
0.559796
0.555537
0.555811
0.552522
0.553448
0.554999
0.556505
0.558453
0.558659
0.558773
0.558881
0.560676
0.560587
0.559619
0.557916
0.555021
0.554297
0.554877
0.556974
0.559715
0.561168
0.561949
0.562462
0.566143
0.567017
0.566522
0.567936
0.569017
0.569642
0.570451
0.570124
0.570317
0.570853
0.570196
0.566627
0.562362
0.559599
0.557149
0.554903
0.553387
0.552073
0.550495
0.548002
0.545991
0.543184
0.540255
0.536913
0.535061
0.533013
0.528658
0.51902
0.50495
0.479237
