0.640087
0.498029
0.485545
0.468419
0.4572
0.450264
0.446888
0.447742
0.449183
0.451598
0.456228
0.463572
0.471648
0.481972
0.496381
0.520516
0.557097
0.597603
0.643836
0.72807
0.806367
0.841759
0.875102
0.897765
0.913609
0.925805
0.937463
0.94889
0.958086
0.963664
0.967781
0.972075
0.970993
0.968694
0.965877
0.963043
0.962411
0.963202
0.966384
0.970571
0.971993
0.971848
0.97073
0.967707
0.963635
0.963001
0.960805
0.955334
0.954296
0.949296
0.95225
0.95437
0.954895
0.949155
0.940004
0.928545
0.91097
0.888571
0.863987
0.846213
0.829414
0.812874
0.807536
0.808882
0.811755
0.81453
0.81873
0.823071
0.823684
0.823919
0.826838
0.829664
0.837192
0.843996
0.845887
0.846163
0.841365
0.838637
0.834891
0.819469
0.783635
0.712865
0.637833
0.603107
0.569145
0.549481
0.531207
0.517555
0.509627
0.504713
0.49912
0.495151
0.49208
0.489537
0.487422
0.48569
0.48384
0.482128
0.481799
0.482413
