0.687337
0.609504
0.574234
0.577892
0.596256
0.623112
0.655177
0.672103
0.690478
0.708549
0.727745
0.746839
0.769113
0.797683
0.826413
0.852636
0.874428
0.887172
0.898354
0.909026
0.914763
0.920498
0.926807
0.931614
0.937743
0.945782
0.9535
0.961521
0.96482
0.967654
0.970236
0.972105
0.972432
0.969911
0.968005
0.966039
0.965622
0.966694
0.969054
0.973858
0.975533
0.975331
0.976246
0.973856
0.970564
0.970873
0.968317
0.963357
0.962439
0.958748
0.960455
0.963585
0.964203
0.964131
0.962465
0.959989
0.956038
0.951773
0.945311
0.933575
0.836159
0.712074
0.668715
0.648646
0.634994
0.620814
0.609458
0.596968
0.583641
0.571119
0.562143
0.552509
0.548903
0.543008
0.533893
0.526084
0.516185
0.509901
0.502747
0.491065
0.476984
0.468723
0.465567
0.465017
0.466272
0.467806
0.469249
0.470347
0.469296
0.467712
0.46524
0.46311
0.460446
0.457903
0.456206
0.454036
0.45163
0.448657
0.446469
0.446498
