0.301465
0.270233
0.301144
0.335341
0.349273
0.366522
0.388147
0.398104
0.404709
0.412042
0.418042
0.422952
0.426447
0.430081
0.433352
0.437035
0.440788
0.445483
0.463349
0.493521
0.512799
0.524996
0.533655
0.539911
0.545384
0.552561
0.559541
0.567109
0.570949
0.573906
0.575028
0.576299
0.57841
0.579616
0.578317
0.578245
0.578326
0.578114
0.579368
0.582355
0.586544
0.588104
0.588424
0.590409
0.590212
0.588737
0.590194
0.590083
0.586876
0.587222
0.584869
0.584519
0.584668
0.584757
0.585342
0.584465
0.583696
0.582336
0.581487
0.580027
0.578211
0.575611
0.570896
0.567752
0.566147
0.565396
0.564085
0.562879
0.560959
0.558234
0.550603
0.537407
0.488982
0.463512
0.463475
0.463411
0.463203
0.463441
0.463845
0.463665
0.462829
0.461836
0.459752
0.459567
0.459595
0.459693
0.459801
0.460553
0.460654
0.460744
0.460694
0.460748
0.460231
0.460332
0.459543
0.459698
0.459915
0.460063
0.45978
0.460054
