0.287498
0.280688
0.31788
0.345368
0.360362
0.375298
0.388816
0.39699
0.402489
0.407428
0.41432
0.420551
0.424422
0.42807
0.430634
0.433397
0.436109
0.437684
0.439471
0.44136
0.444608
0.446631
0.448784
0.450116
0.454768
0.51019
0.539447
0.552743
0.555644
0.55764
0.558921
0.560205
0.562561
0.563154
0.561628
0.560394
0.558111
0.55785
0.558917
0.562081
0.5648
0.567327
0.56783
0.570609
0.570054
0.568169
0.570243
0.570511
0.567065
0.568186
0.564472
0.565321
0.566991
0.568595
0.570553
0.571787
0.573931
0.573901
0.575026
0.574588
0.577683
0.576921
0.573804
0.572863
0.572312
0.572745
0.572807
0.57407
0.574301
0.574035
0.573065
0.57257
0.571568
0.571113
0.571155
0.56999
0.569272
0.567185
0.565955
0.564462
0.56112
0.554808
0.546976
0.54103
0.537725
0.535111
0.530374
0.520865
0.500665
0.465423
0.450343
0.448632
0.448725
0.448034
0.448202
0.447426
0.446514
0.446712
0.444821
0.445343
