0.654353
0.54198
0.520075
0.501306
0.490725
0.485419
0.482388
0.480881
0.479059
0.476216
0.47337
0.470097
0.465517
0.46065
0.456926
0.454855
0.455489
0.458811
0.461051
0.46586
0.477731
0.498951
0.541006
0.622302
0.771775
0.859948
0.928263
0.957328
0.965511
0.970394
0.975505
0.976948
0.976369
0.975396
0.973111
0.969975
0.970612
0.973202
0.97497
0.979084
0.980893
0.980188
0.980168
0.976561
0.971882
0.972739
0.968376
0.963213
0.961712
0.957308
0.959596
0.961257
0.960709
0.95998
0.95793
0.954704
0.95155
0.946721
0.941089
0.934541
0.926203
0.917006
0.91191
0.909496
0.906684
0.903251
0.900123
0.895805
0.889438
0.880637
0.868479
0.847836
0.830106
0.81149
0.790582
0.767079
0.739413
0.716094
0.69817
0.676923
0.653149
0.639424
0.635085
0.634231
0.635092
0.63812
0.640723
0.643039
0.64277
0.63867
0.609462
0.57764
0.550919
0.535481
0.523685
0.512862
0.502555
0.495423
0.492983
0.492776
