0.249818
0.29322
0.346704
0.369593
0.372763
0.378837
0.387077
0.390298
0.393573
0.400418
0.405697
0.410119
0.413311
0.41648
0.419393
0.422613
0.425623
0.427773
0.430165
0.431731
0.434753
0.437168
0.438454
0.439726
0.442082
0.447384
0.476544
0.516207
0.517991
0.516247
0.513635
0.497396
0.454349
0.450976
0.449316
0.448115
0.449139
0.451494
0.460494
0.513158
0.533551
0.540194
0.545368
0.548468
0.548349
0.54756
0.549925
0.549902
0.545935
0.545318
0.542391
0.54356
0.545977
0.54703
0.548491
0.548245
0.547607
0.546969
0.54769
0.546085
0.543094
0.537889
0.534262
0.534811
0.536472
0.53737
0.539438
0.541838
0.543985
0.544446
0.544194
0.54524
0.546564
0.548864
0.551182
0.553972
0.557214
0.557517
0.557954
0.559866
0.564381
0.561913
0.558717
0.558164
0.557572
0.557821
0.558387
0.559186
0.559491
0.559426
0.559879
0.558708
0.55817
0.557245
0.555743
0.553958
0.552107
0.550487
0.54641
0.310723
