0.364207
0.500564
0.510512
0.527227
0.53588
0.540663
0.544581
0.546703
0.548113
0.548893
0.550025
0.550174
0.550586
0.550284
0.550544
0.552365
0.553675
0.553711
0.552807
0.552176
0.551547
0.549227
0.542021
0.538839
0.538345
0.536411
0.545611
0.558238
0.560348
0.561507
0.561862
0.561511
0.561322
0.559441
0.553624
0.545277
0.536888
0.536098
0.540354
0.548687
0.548544
0.547491
0.545366
0.535113
0.515773
0.511906
0.492336
0.474433
0.472184
0.471844
0.471556
0.471709
0.471692
0.471871
0.472081
0.472043
0.472
0.471942
0.4729
0.472869
0.472338
0.471314
0.470791
0.470741
0.47078
0.470823
0.470846
0.470973
0.470887
0.470795
0.470815
0.470853
0.471643
0.471783
0.471997
0.472069
0.471977
0.472504
0.472996
0.472914
0.472165
0.471266
0.470826
0.470693
0.470731
0.470809
0.470917
0.471008
0.471087
0.471182
0.471192
0.471267
0.471357
0.471449
0.471573
0.471719
0.47256
0.47266
0.472799
0.47301
