0.858229
0.828914
0.812307
0.806899
0.811676
0.831057
0.837479
0.83386
0.843339
0.833868
0.831906
0.831971
0.834553
0.831474
0.826624
0.828515
0.83325
0.835005
0.835474
0.837955
0.840362
0.842495
0.84486
0.847016
0.853288
0.860129
0.870995
0.88332
0.894677
0.902258
0.910193
0.918121
0.920799
0.921456
0.921715
0.921773
0.924354
0.929721
0.93738
0.948276
0.955205
0.958536
0.961829
0.959369
0.956245
0.959678
0.957472
0.952144
0.95292
0.949588
0.954292
0.957869
0.960132
0.961268
0.960161
0.956818
0.910805
0.821639
0.734467
0.671342
0.616445
0.577342
0.567017
0.563857
0.559063
0.554093
0.551814
0.548117
0.541002
0.533057
0.529163
0.525675
0.525497
0.525716
0.524743
0.522136
0.514193
0.508272
0.499068
0.486024
0.471422
0.461679
0.455768
0.451787
0.449562
0.447183
0.445096
0.442452
0.440621
0.440066
0.439584
0.439424
0.440156
0.441899
0.444196
0.447113
0.450478
0.454219
0.458613
0.464664
