0.685778
0.603068
0.557509
0.541212
0.533049
0.528303
0.526175
0.524721
0.523744
0.524266
0.524634
0.523885
0.521951
0.519795
0.518878
0.520405
0.522555
0.521436
0.517757
0.517998
0.519144
0.519054
0.518488
0.516868
0.517977
0.530399
0.56373
0.656991
0.829322
0.926849
0.938673
0.944604
0.946883
0.944457
0.942696
0.939628
0.940986
0.944132
0.951245
0.959751
0.963531
0.965772
0.967011
0.962587
0.959185
0.961211
0.958511
0.952539
0.952568
0.949271
0.953709
0.956894
0.958423
0.959194
0.958143
0.956212
0.95335
0.950762
0.946049
0.940791
0.930339
0.913797
0.904735
0.900946
0.898461
0.896351
0.895203
0.892369
0.888751
0.883646
0.883027
0.883484
0.886833
0.889626
0.888918
0.887551
0.880228
0.873405
0.864666
0.845069
0.815715
0.792996
0.780299
0.773102
0.769207
0.767806
0.76489
0.760041
0.752794
0.743816
0.727987
0.712074
0.698592
0.684273
0.670081
0.655794
0.64157
0.62856
0.620435
0.613001
