0.640626
0.50059
0.499088
0.49016
0.485958
0.487032
0.492182
0.501378
0.512338
0.52635
0.540432
0.557367
0.575667
0.601738
0.645969
0.708982
0.774021
0.798962
0.814836
0.836196
0.848892
0.855845
0.863051
0.869848
0.877738
0.891136
0.90308
0.917861
0.928607
0.935885
0.94357
0.949259
0.950882
0.950033
0.946316
0.943062
0.939902
0.941453
0.945016
0.956231
0.963389
0.964277
0.966369
0.961714
0.956811
0.958832
0.955702
0.948145
0.946797
0.942122
0.94501
0.948528
0.94916
0.949566
0.947524
0.945732
0.942654
0.939426
0.934245
0.929385
0.92221
0.913556
0.910372
0.910468
0.911148
0.911801
0.912336
0.912704
0.911232
0.908127
0.90621
0.903663
0.901241
0.891831
0.849666
0.761504
0.680073
0.621654
0.591093
0.559716
0.527172
0.508504
0.49982
0.494219
0.4902
0.487639
0.485108
0.482784
0.480747
0.478709
0.474745
0.471504
0.469881
0.468312
0.467204
0.46697
0.467427
0.468133
0.469114
0.470787
