0.851768
0.896801
0.886495
0.880441
0.877384
0.867649
0.869451
0.857112
0.854188
0.857382
0.846745
0.838093
0.83836
0.834459
0.836663
0.834767
0.833747
0.829253
0.826183
0.82721
0.82864
0.830419
0.834432
0.836782
0.839837
0.848623
0.855206
0.86339
0.869407
0.874272
0.878083
0.880789
0.880398
0.875572
0.871975
0.86887
0.870438
0.874633
0.881002
0.890924
0.897001
0.899989
0.903665
0.900702
0.896655
0.902772
0.901018
0.888288
0.863257
0.779868
0.804593
0.835528
0.855141
0.883072
0.869759
0.841298
0.795273
0.732804
0.675147
0.629526
0.591825
0.562473
0.550601
0.541907
0.535733
0.52745
0.519318
0.509117
0.499603
0.493997
0.491607
0.490087
0.492057
0.494803
0.496623
0.498045
0.496284
0.496137
0.49484
0.488797
0.47772
0.470345
0.467711
0.46719
0.467739
0.468924
0.47007
0.470916
0.471725
0.472674
0.472031
0.471937
0.472568
0.47346
0.474248
0.475401
0.47676
0.478855
0.481923
0.486636
