0.361651
0.486762
0.501147
0.520669
0.532449
0.541362
0.547539
0.551156
0.554287
0.557428
0.560473
0.561741
0.563281
0.564103
0.564284
0.565036
0.565786
0.566306
0.566227
0.566007
0.567302
0.568554
0.569474
0.570153
0.571611
0.574251
0.578067
0.581997
0.583423
0.583612
0.58267
0.5807
0.579801
0.577144
0.572866
0.567592
0.561007
0.558365
0.558869
0.562111
0.563052
0.562939
0.561932
0.560933
0.555073
0.548578
0.539339
0.515058
0.491374
0.472391
0.471183
0.471324
0.471279
0.471457
0.471581
0.471596
0.47161
0.471628
0.4723
0.472292
0.471784
0.470831
0.470332
0.470302
0.470332
0.470379
0.470441
0.470597
0.470531
0.470419
0.470367
0.470334
0.471077
0.471113
0.471211
0.471235
0.471073
0.471359
0.471807
0.4717
0.47091
0.469988
0.46953
0.469327
0.469341
0.46943
0.469512
0.469603
0.469686
0.46974
0.469673
0.469664
0.469681
0.469716
0.468709
0.468771
0.469638
0.46969
0.469788
0.469991
