0.880798
0.914733
0.907985
0.904867
0.894968
0.89249
0.890542
0.894199
0.893978
0.892635
0.8902
0.887863
0.887158
0.886159
0.883589
0.8865
0.890881
0.89569
0.902519
0.908886
0.919655
0.928395
0.936678
0.944192
0.954757
0.965206
0.972836
0.982438
0.987475
0.988851
0.991382
0.992552
0.992652
0.989778
0.989766
0.988035
0.987322
0.988402
0.989853
0.99276
0.992739
0.993437
0.992406
0.989077
0.984951
0.986072
0.983299
0.975266
0.974955
0.962712
0.947572
0.949179
0.918103
0.873574
0.800297
0.748208
0.703217
0.670151
0.634823
0.605493
0.577132
0.552923
0.545664
0.545083
0.547443
0.54766
0.547218
0.542547
0.531959
0.520676
0.514413
0.508933
0.50483
0.499625
0.493591
0.486536
0.477421
0.469483
0.463016
0.457335
0.449999
0.445209
0.4443
0.445342
0.447636
0.450653
0.454471
0.45843
0.462299
0.466279
0.468527
0.470572
0.473139
0.475898
0.478631
0.480964
0.482443
0.483307
0.48487
0.487345
